0111111011. 637

6111-6001 ιαμ-7111111 11, 1ο. 10111001161011101111, 1.
43, 37166071 1091617101, 16911151, 6.
711961, 117171 19, 19 64, 5. 90, 19016160111177, 1.
6163. 37363133 34, 3. 161, 16. 53356663533333111311613301, 16
0691166901101 1116101 149, 5. 190717110111611977111111 34, 13.
6917111111 137, 11. 19006010161104, 11. 107, 1.
69911163101 163, 11. 301, 6. 1900119061137, 11.
699111001116161 716711 6061111 7661 1111 19619110 136, 5 166,
11, 11. 17. 7631 11131196 171 7611190,
1171616011 44, 15. 15.
1079047111 96, 11. 131, 6. 19010001969101130,11. 8 Ι
5516361536346335, 9. 10161- ”enaggssffolnJ wo Μ’ 7⁸ Μ’ ⁷⁰
01101 157, 17. 1011010107110171 105, 3.
1116019667 99, 1. 119193671101· 116, 19
1030161001901336, 11. 11161. 1. q. 611 167, 11. 169, 16.
1111671111 164, 19. 471111 107, 5. 117, 6. 116, 16.
πανδαισία 36, 13. 61, 19 91,16. 11711161ξ11150, 9.
11101190710136, 16. 171, 9. 6711147, 15. 161, 17. 165,13.
119111660001114,17. 90716011165,11. 167, 19 117,
11911691101161, 9 11. 153, 5166, 6.
1191101016116116,6 0071071110 311, 11. 339, 14.
1091107114 171, 1316511. 0131976671 16113
1191191110601114, 17. 011119111ζ 66, 10.
1091κὴ010111 41, 10. 061 i. q. 6911311547.
1131911111 139, 9. 0111911169 167, 17.
111067111131977161111671611460· 1111179067 69, 5.
11917110165, 11. 0177011111 106 10317131 i. q.
1119109111 316, 1. 111106 1101 110, 16
πεέξέβοαὶιισμόσ ²¹¹2 3· 337, 3· 91679067091111191, 10.
, . 110 1 0 ⁰.
1119060310171164, 13313· 0116110313 [ε’ ¹
111716 171 167, 14311, 16· 01711911 .9.167μ11111159,4.
1371113111 61, 10. 013790607111 151, 11.
134971 7110161 31111ῠῦ 333, 6· 0101061116011106101167, 14.
1137016171 341, 4· 0116111011 11, 7.
117011 116, 19 “ 011101361119 305, 13. 306, 4.
πνευματικεὺων 261, ¹0· 1161 01116611 113, 11.
161611119011116106161 ²⁶⁰1 ¹5· 017116199101119ξμ.
ι ²!
110211211’11121 163, 11· Μὸωῐᾶῐῡθ 535536663361151.1111.
1973, 131. 333, ²0· 6063366336 συμέιασχῆσαι 151, 11. 159, 9.
1 ,1. 11, 1.
101111471691170, 4· 72, 1376· 0071136171 196, 5.
13. 69,14. 106,14· 130, ¹¹· 011016190901175,4.
1111, 4. 119, 6. 153, 133316· 0111111114 601134 54, 16.
7161111 67, 19 166, 14· 33616· 0011117661171100119617110 19,5
1110117111 10170111 11. 1110111 „finem 250, Β, 23,
143141101161114161616016· 16 0199116111, 11.
999011 19 ἔλπιῖἒῗντρξῑψεξεε 091111141911941 ’6617111101 m
, . 1111 1011110111 , -
77, 179. 1191116617 i. q. 60711163111119, 15.
11011079613110141, 14. 14.

 

