656 1111111

5117111111 15, 11. 71, 11. 85, 5. podem 165, 17.
{affin 8 151517. autumatur 117111111111 ⁵6⁹·
5555115115551554 ’ 11111111 nantes 551551 (0151111111) 51,6.

51511111 eomedit 181, 1. 151

Andronico 51111111 inmutatum

555, 51.
11111111, 1. 11111171- ffisa'nss ⁹

1111111111 ²· ‘⁰' 1111111, 11

&mnium (11111 11111111 1 55511· {wau ²⁸²⁹ ’5
1111 equitibus 1111111111 111, ⁸ ⁸⁰ ²⁸³*
11. ’ 711161171511117111 sulum 151-
&Petri 5511111515 116, 8. 51111 157, 11.
11111111711111 111557, 7. 5571715511571, 11.
Petri 11117111 episcopi 1111711111 1115111 Serme 551, 1 ·
51 1. 5111115171115515.
5515111111 1511111511 1111, 7. 71171111151111171,11
{magt 3171, 1615116. 7101111111111115111111115511751 188, ]
· 11 . 1,11. 11.
Pam-moiun 5115111111 fllia ob. 71111111151111115511111111111 511- ,
111 15111 1 511111 nuo 771. 98, 7111111151 51751557, 5. ³
m Provincia 56, 5
5511111111 171 111111 11117111 511111 17, 11. 71, 6. 55, 1.
fectus 176, 7 5111111611 555,15.
philadelphia 1 81511511 11711 17, 71511111 11111111111151111, 15.
1. decanorum 71, 17 8117. mohac! 5511166, 17. no.
15111 115151 111511751117111161111 Rachia 1 111151 15111111 515, 15
ebrinum 151111 111, 8 616, 31.
55551115117511511111 1117, 15. 691, maius 551115 575, 7.
11 1
a} 5717171551 51, 15 117, 17. 116715151119111111111111 17111 m
16, . 1.
55515Ιί77191 Navarra 111 557, 5, Rhodus capta 51715.
ιἪ775111111111711511111155755. Rhodi 11711111 Smyrnam 711711-
1
551111111711. eam 11111111 75, 7. Smyrnae
511111111Τ11111 11711555, 5. 1111111111 1115161111 18, 18. ,
Phoe-0· 11111 a 51111151 11 51115- 111111117111 1111711111 Smyrnae
1151 1111115111 161,7. 8111511115 1111115111111111116,11. pso-
mig& 161, 11. ’5111151 151- 511517ιυί7) 1573151111 {⁰⁵ng
¹ 1. 111 n 111 11111 11111111
5511111111117151111711 115 Tomy· 511151115155111 115, 17. 51715111
11111 5171111 1151111111 75, 16. 115 mammetem mittit 517, 18.
5511111111111 118, 155 11 tributum 11171111 71711 111-
117711771111111, 11. 77,7 1155111111 7116111111311, 16
11171151511115115, 11. 1177, nicius navarchus 5111111111 7151
11. 157, 7. transfixus 155, 9 619, 51.
Phthia 177, 6 551111111155111583, 15.
55751111151 551, 55. 5111111111 5151111515 651111 1 511-
7511111 'futei 15551111 1111511151- 111 11111 51111511 excaecatur 16,
1111111717 111.
55155551 151 15· 11111111 1771171111151 511, 7 611,
pneumaticas 161, 15. 11.

5111115111511 581, 18 711111 1, 11. 1 Τ1111711 eoacti

 

