INDEX GRAMMATICUS.

81311 111, 19.

βουβῶνος 14174 98, 14. 319, 18

11ρᾶ41111 161, 4.

7111ρὺ771111 19, 14.

71411414 193, 13.

717108ρῖ695 819· 161494 41, 5. 191,

7191441 199, 7.

7111116141 169, 11.171,1.

· 7111111614961· 66, 7, 191,11.

71111111411611 111, 6.

δειγματίσας 15,11.

6114111964111 16, 11.

619ε161941113111,6 179, 11. 143,

,1 ,1.

&virgoque 143, 5.

61181414771411· 45, 17.

(4118111144 136, ⁴.

4 διακαινέσιμος 163, 1. 171, 11.

6114444711 171, 11.

6114144164, 9 73, 8. 181, 11.
116, 1.137,19 138, 5. 145,14.
181,11.

611111169111137, 8.

6111174111 189, 11.

6149111 πλοῖα 193, 3.

611111194141 311,17.

1311111311 11141 ἀδικηθέντας 36,

614415854155181, 13.

1417146411177, 11. 91, 11. dom·
81111 11411. 118, 7.

141114111341, 19.

1419141111 88, 1ο

· 14141111 157, 14.

619141111111179, 19,

69114411811151, 4.

6111441131, 18. 343, 3.

6141114] mlv χεροῖν 143, 7, 114
πόδε 143, 9 8111114111 173,
1ο.

4716111111 13, 11.

εἰ δ’ 16 3118 311, 1. 336, 11.
341, 3. εἰ δ’ ου’ 714 145, 8.
315,11.

14111111τὸ11 157,11.

8114 61171194 143, 11.

εἰπεῖν i. q. ὥς 4111 εἰπεῖν 183,
19. 187, 8. 115, 11.

εἷς] μίαν 1114 61114911 47, 7.
καὶ μίαν 1114 δὶς 1114 πολλάκις
159, 17. 319, 8.

1411641111118, 5131, 11.

111161641611181, 5.

635

4111191611 93, 17.

(1111131111 167, 11.

Menatem 187,11.

ἔμπρός 111, 17.

484 114411τῇ Σμύρνῃ πολίχνια

6817584111 183, 11.

Ινζυμος 161 , 16.

modim: 191, 18.

6517191141 315, 5.

44111γά4111 83, 19.

4411111114 137, 15.

6561417133, 1.

451971164111119, 18.

ἐν 4811164141 47, 4.

811147113 11319αέ11141 τιμωρίας 141,
1 . 1 , 1 .

81144174111119, 11.

811417 185, 6.

8619167111 144, 6.

1671141161, 11. 161, 3. 188, 15.
313, 11. 333, 8.

1141411471119111136, 18.

1681117111178, 3.

εὐθυδρόμως 14415.

1661911611161, 11.

εὐνουχόπουλοι 145, 1.

161111464111311, 11.

ἔχω τοῦ 1311416111 ἰ. q. 6114114-
1ω 97,11. ἔχει 47114911 μ’ (iz y

6ῗί14.·.1”.ἶ,1“ῖ.ἴ.’έ,,”ἕ.·”.“,“ζ
11. 136, 18. τί 6961111781 .
114, 11. 111411 ἔχομεν 1111 xam-
91711159, 11 16114441 εἶχον
11417111 116, 13.

4191114141 138, 9.

4119411111 παίζων 68, 10.

ζωντόθαπτος 71, 1.

611191914118, 6. 31, 3.

46411 sem. 57, 7. 11411411181,11.

ἡμερονιὲχθιον 188, 19

ἡμερόχειρος 118, 1.

ἠμί] μῆνας 6 καὶ 4714 11, 11.

49164911 113, 1ο.

14141111 317, 16.

81114 141, 19.

{goffifflafff'aff'ah 8·

84916711911119, 11.

’1717144111 51, 4. 161, ιο. 164,
1ο

4191514111411 38, 16. 111, 14.
4 41111114 i.q 4611111181.

 

