636 mnu

6995594495 554, 6 9595694555 598, 5.
554969 95, 59 595, 9. 5949695655 9595996459 595, 55.

”49, 55. 535, 55. 9599569595 599, 5. 595, 5.
596549, 55. mc 5966695 545, 53, 9559966559455 539, 5
5459856969 535, 5. μεγαδομέστικος 599, 6.
5989969959 59, 58 9999696595 564, 55. 565 95595·
99995999959695159858 454645456998691659 553, 54.
5955965595 9564955 355, 56 59· 565 955999995959995 596, ι.

55556595 354, 5. 4589956999· 59, 59.

595 559995 84 58. 9599495956 9 598, 4. 1
5599495595 555 53. 69555994 54, 59 35, 3. 53, 59 .
33444ρἳ 35, .. 9434345, 55, .,. ¹
595659559948, 59. 589, 9. 95599495 94 5. 594, 55. 555, 59.
5959955845 38, 55. 49, 55. 66, 5543. 555, 59. 555, 59564,

59. 89, 54. 584, 9
5959559999πῆ995 566, 54. 345, 58. 9555999949 Βαβυλῶνος ιι, 55.
595959996999895 543, 55 336, 9596995995 656955 54, 59. 95969-

54955565 95599695 595 549,ι.
595959996695 44, 56. Ι 9599959599655 59, 53. 4
5655999 45, 4. 56 54959 9 596, 3.

5959555695 63, 9, 544, 55. 566, 6595 5554. 355, 3.

54 339, 4. 9555594694 6499 566 58. 584, 55.
3486ζέ48 .‘2⁷⁶’ ¹⁷ “21:53323323233 ’.4, 5... ¹
5559969659999 339, 56 μ 99 956595 85695955 5595495595
559959565595 545, 5 5455194595595, 59. ¹
55455996 9598, 8. 344, 55. 9555949949 94, 59.
xl 9996986555 cf. 3589959984595 9559959589,οέ 535, 55. 536, 55

et 95699964995555 188,ss- 56,5 58. ³

5996955595 549, 56. 59956595 597 59.

5944695595 585, 3 539, 535 564 5599615555 53.

56. 5455999ςί. 5. 5595“ 999555 5399
595569599395 589, 55. 335, 8 5595949595 49, 55. ’
5599956999 58, 55. 559, 58. 5555556695 5555995954 55, 8
5999956555 ι99,4. 559, 51. 559, 696499, 55. 589, 8 545, 59-

ιι. 595, 4 9655985469 333, 54. 339, 3.
59955695 545Σ594695 55, 8. 94559565 99, 4. 86. 3
5959569999 598, 4. 20¹, 5 564 94596595955695595 596595 539,

30² 58.

5959564955 95, ¹· 9659659556595 3565.
599595999655593.5. 569595 655· 945959 9 9 froaqaeoc 55, 3

- 9554495559 535, ι. , 6595955999 563, 53
3955945335, ιι. 6559499595 595 55.
latum 45, 53. 49598589895555 595, 59
8985655915. 455598999595 58, 18. 6155666848· 4
3549659595 565595 345, 6· 995 596, 54.
3589959984595 565, 59 6959869965 53, 55. 4
54 3969859 555595 56, 55 99, 58 495595 6598545 88, 59. 69, 55
8825384 848836 43, 16 100 44,
3959959996995 545 ἡμέρας 686, 6999989665 568, 5.

δ’ 9 555 69, 55

8959599449 589, 53. 4449559995 593, 59.

 

